0 49.98
1 48.98
2 47.78
3 47.34
4 45.42
5 43.66
6 42.42
7 42.02
8 41.36
9 40.02
10 38.24
11 36.88
12 35.5
13 37.28
14 38.62
15 38.24
16 37.7
17 35.9
18 35.9
19 37.26
20 36.9
21 36.9
22 36.9
23 36.26
24 37.46
25 36.3
26 36.3
27 36.84
28 36.84
29 38.08
30 36.18
31 35.14
32 37.04
33 37.04
34 38.04
35 39.8
36 38.16
37 37.86
38 36.68
39 38.32
40 36.82
41 36.82
42 36.82
43 36.82
44 36.82
45 36.82
46 36.82
47 38
48 39.8
49 38.22
50 38.88
51 37.7
52 36.26
53 37.7
54 37.42
55 36.1
56 36.1
57 34.74
58 34.74
59 34.74
60 34.74
61 34.74
62 34.74
63 34.74
64 35.92
65 35.6
66 35.6
67 35.6
68 35.6
69 35.6
70 36.12
71 36.12
72 36.12
73 36.12
74 36.12
75 36.12
76 36.12
77 35.62
78 35.62
79 36.02
80 36.4
81 35.54
82 34.88
83 34.04
84 35.4
85 36.44
86 35.76
87 35.5
88 35.5
89 35.5
90 35.5
91 35.5
92 35.5
93 35.16
94 35.16
95 35.42
96 35.42
97 34.3
98 34.3
99 33.42
100 33.42
101 33.42
102 33.42
103 33.42
104 33.42
105 34.92
106 34.38
107 34.38
108 34.38
109 33.32
110 35.24
111 33.98
112 34.62
113 34.62
114 33.98
115 32.8
116 32.8
117 32.8
118 33.3
119 34.88
120 33.42
121 32.06
122 30.92
123 29.42
124 29.42
125 30.1
126 30.1
127 30.1
128 28.8
129 28.8
130 28.8
131 27.32
132 27.32
133 27.32
134 27.32
135 27.32
136 27.32
137 25.8
138 24.72
139 26.08
140 27.46
141 25.74
142 25.74
143 27.22
144 27.22
145 28.1
146 28.1
147 28.1
148 28.1
149 28.1
150 28.1
151 28.1
152 28.1
153 28.1
154 28.1
155 27.58
156 27.58
157 27.58
158 27.58
159 28.66
160 27
161 27
162 27
163 27
164 27
165 27
166 27
167 27
168 27
169 27
170 25.52
171 25.52
172 25.52
173 25.52
174 25.52
175 25.52
176 25.52
177 26.66
178 26.66
179 26.66
180 26.66
181 26.66
182 26.66
183 26.66
184 26.66
185 26.66
186 26.66
187 26.66
188 26.66
189 26.66
190 26.66
191 26.16
192 26.16
193 25.7
194 25.7
195 25.7
196 25.7
197 25.7
198 27
199 27
200 28.48
201 28.48
202 28.94
203 28.94
204 28.94
205 29.78
206 31.04
207 31.04
208 30.58
209 29.28
210 29.78
211 28.68
212 26.98
213 28.16
214 28.16
215 28.62
216 26.88
217 26.88
218 26.88
219 27.4
220 27.4
221 27.4
222 27.4
223 26.56
224 28.02
225 28.02
226 28.02
227 26.48
228 28.2
229 28.2
230 28.2
231 28.2
232 27.16
233 27.16
234 27.16
235 27.16
236 27.16
237 27.16
238 28.28
239 27.72
240 27.72
241 28.76
242 28.76
243 28.76
244 28.76
245 28.76
246 28.76
247 28.76
248 28.76
249 28.76
250 29.82
251 29.58
252 29.58
253 29.58
254 29.32
255 29.32
256 29.32
257 29.32
258 29.32
259 29.32
260 28.8
261 28.8
262 28.8
263 30.5
264 30.5
265 29.76
266 29.76
267 29.76
268 29.76
269 29.76
270 30.62
271 31.94
272 32.22
273 32.22
274 32.22
275 32.22
276 33.06
277 33.32
278 34.98
279 33.92
280 34.46
281 35.62
282 33.7
283 32.94
284 32.94
285 32.94
286 34.44
287 35.2
288 35.2
289 35.2
290 33.26
291 33.26
292 33.26
293 33.26
294 33.26
295 33.26
296 34.8
297 34.8
298 34.8
299 36.54
300 35.86
301 35.86
302 35.86
303 36.92
304 35.36
305 35.36
306 36.88
307 35.34
308 35.34
309 35.08
310 35.08
311 35.08
312 35.08
313 35.08
314 35.08
315 35.08
316 35.08
317 35.72
318 35.72
319 35.72
320 37.02
321 37.02
322 37.02
323 37.02
324 37.02
325 37.46
326 37.18
327 35.3
328 33.56
329 35.1
330 34.64
331 32.92
332 32.92
333 32.92
334 32.92
335 32.92
336 32.16
337 32.16
338 32.16
339 32.16
340 32.62
341 32.62
342 32.62
343 32.62
344 30.72
345 30.96
346 30.96
347 30.96
348 31.48
349 30.34
350 30.34
351 30.34
352 31.1
353 31.1
354 31.1
355 31.1
356 31.1
357 31.1
358 29.98
359 30.28
360 30.6
361 29.52
362 29.06
363 30.78
364 32.34
365 31.48
366 29.76
367 29.76
368 29.18
369 29.18
370 29.18
371 29.18
372 31.08
373 31.08
374 30.2
375 29.72
376 30.38
377 30.06
378 30.06
379 30.74
380 32.62
381 31.98
382 31.98
383 33.06
384 33.06
385 33.06
386 33.06
387 33.06
388 33.06
389 33.52
390 33.52
391 32.68
392 32.68
393 34.42
394 34.42
395 34.42
396 34.42
397 33.88
398 35.82
399 34.46
400 34.46
401 35.3
402 35.3
403 34.92
404 34.08
405 35.18
406 34.68
407 34.68
408 34.68
409 35.54
410 35.54
411 34.78
412 36.5
413 35.46
414 36.04
415 36.04
416 36.04
417 36.04
418 36.04
419 36.04
420 36.04
421 37.96
422 38.28
423 36.36
424 36.36
425 35.26
426 34.74
427 34.74
428 34.74
429 34.74
430 34.74
431 34.74
432 34.44
433 34.44
434 34.44
435 34.44
436 34.44
437 34.44
438 34.44
439 34.44
440 35.32
441 35.62
442 34.18
443 34.18
444 33.02
445 33.02
446 33.66
447 32.2
448 32.2
449 31.48
450 31.48
451 31.86
452 31.86
453 31.86
454 30.68
455 30.68
456 30.68
457 30.68
458 31.16
459 32.26
460 34.18
461 32.32
462 32.32
463 30.84
464 29.9
465 29.9
466 29.9
467 29.9
468 29.9
469 30.24
470 30.24
471 30.24
472 30.24
473 31.72
474 30.74
475 30.74
476 30.74
477 30.74
478 29.08
479 29.36
480 29.36
481 28.9
482 29.36
483 29.36
484 29.36
485 30.3
486 28.42
487 28.42
488 28.42
489 28.42
490 28.42
491 28.42
492 28.42
493 28.42
494 28.42
495 28.42
496 29.86
497 29.86
498 28.8
499 28.8
500 28.46
501 27.12
502 27.12
503 28.48
504 27.16
505 27.16
506 27.16
507 26.24
508 26.24
509 26.24
510 26.24
511 26.24
512 26.24
513 28.12
514 28.12
515 29.1
516 29.62
517 29.3
518 29.3
519 29.56
520 27.76
521 26.4
522 26.4
523 26.72
524 27.26
525 27.26
526 27.26
527 28.58
528 28.58
529 28.58
530 28.58
531 28.58
532 30.24
533 30.24
534 31.28
535 31.28
536 29.62
537 29.62
538 29.62
539 29.98
540 29.98
541 29.98
542 29.98
543 29.12
544 29.12
545 29.12
546 30.3
547 30.3
548 31.66
549 31.66
550 33.32
551 33.32
552 33
553 33
554 33
555 32.3
556 32.3
557 32.3
558 32.3
559 31.04
560 31.04
561 31.04
562 32.3
563 33.04
564 33.04
565 33.04
566 33.04
567 34.2
568 34.2
569 33.54
570 33.88
571 33.14
572 32.2
573 31.24
574 30.24
575 29.6
576 29.6
577 29.6
578 29.6
579 29.6
580 29.6
581 29.6
582 29.6
583 29.06
584 29.06
585 27.74
586 27.74
587 27.74
588 27.22
589 26.96
590 27.46
591 27.46
592 26.56
593 26.56
594 26.56
595 26.56
596 26.56
597 26.56
598 26.56
599 26.56
600 26.56
601 26.56
602 26.56
603 26.56
604 26.56
605 26.56
606 27.56
607 27.2
608 26.52
609 27.06
610 27.06
611 28.02
612 26.76
613 26.76
614 25.88
615 25.88
616 26.52
617 25.42
618 25.42
619 25.42
620 24.46
621 22.8
622 22.8
623 21.16
624 22.96
625 21.92
626 21.32
627 21.32
628 21.32
629 21.92
630 20.56
631 20.56
632 20.08
633 20.08
634 20.08
635 20.08
636 20.08
637 20.08
638 19.54
639 19.54
640 19.54
641 19.86
642 17.96
643 17.96
644 17.96
645 17.96
646 17.96
647 17.96
648 17.96
649 17.96
650 19.28
651 19.28
652 19.28
653 19.28
654 19.28
655 19.28
656 19.28
657 19.28
658 19.28
659 21.18
660 22.54
661 21.34
662 22.68
663 23.36
664 23.36
665 23.36
666 23.36
667 23.36
668 23.36
669 23.84
670 24.98
671 23.82
672 22.52
673 21.84
674 23.04
675 21.32
676 21.32
677 21.32
678 20.74
679 19.46
680 19.46
681 18.22
682 18.22
683 18.22
684 17.14
685 16.54
686 16.04
687 16.04
688 15.64
689 15.64
690 15.64
691 15.64
692 15.64
693 15.64
694 16.14
695 16.14
696 15.8
697 15.8
698 15.8
699 15.16
700 15.16
701 14.84
702 14.84
703 15.16
704 14.02
705 14.36
706 16.02
707 14.36
708 15.48
9 15.74
710 15.74
711 14.76
712 14.76
713 14.76
714 14.76
715 14.76
716 14.76
717 14.76
718 14.76
719 14.76
720 14.3
721 15.28
722 15.28
723 14.3
724 14.3
725 14.64
726 13.04
727 13.04
728 13.04
729 13.04
730 13.04
731 13.36
732 14.46
733 14.98
734 14.3
735 14.3
736 14.3
737 14.3
738 13.42
739 14.14
740 14.14
741 14.5
742 14.5
743 13.72
744 15.02
745 13.26
746 13.26
747 11.6
748 11.6
749 11.6
750 12.86
751 12.86
752 12.86
753 13.6
754 13.6
755 13.6
756 13.88
757 13.88
758 13.88
759 15.48
760 17.24
761 15.94
762 15.94
763 15.94
764 14.5
765 16.06
766 17.26
767 17.26
768 17.26
769 17.26
770 15.7
771 15.7
772 15.7
773 17.38
774 17.38
775 17.38
776 17.38
777 19.04
778 20.34
779 19.1
780 19.1
781 19.1
782 19.1
783 17.9
784 17.32
785 18.24
786 18.24
787 18.7
788 18.7
789 19.98
790 20.74
791 20.74
792 20.74
793 20.74
794 20.74
795 22.18
796 22.18
797 22.18
798 20.64
799 20.64
800 20.64
801 20.64
802 20.64
803 20.36
804 18.76
805 19.24
806 20.84
807 20.84
808 20.08
809 20.08
810 18.6
811 17.68
812 17.68
813 18.88
814 18.88
815 17.36
816 17.36
817 15.76
818 15.76
819 15.76
820 17.24
821 17.24
822 18.02
823 18.02
824 18.02
825 18.02
826 18.02
827 18.6
828 19.16
829 20.4
830 19.96
831 20.64
832 21.98
833 23.16
834 23.16
835 23.16
836 23.16
837 24.48
838 24.48
839 24.48
840 24.48
841 23.16
842 23.16
843 24.48
844 24.48
845 26.02
846 25.28
847 26.4
848 25.62
849 26.06
850 24.2
851 24.2
852 25.8
853 25.8
854 25.8
855 25.8
856 24.62
857 24.62
858 23.94
859 25.64
860 24.4
861 24.4
862 24.4
863 25.32
864 24.12
865 25.1
866 25.1
867 25.1
868 25.1
869 25.1
870 26.66
871 26.66
872 25
873 25
874 26.2
875 26.2
876 26.2
877 25.72
878 25.72
879 25.72
880 25.72
881 24.28
882 25.36
883 26.14
884 27.72
885 26.44
886 26.44
887 28.3
888 26.56
889 26.56
890 25.3
891 24.84
892 24.84
893 26.24
894 25.72
895 25.72
896 25.72
897 24.18
898 24.18
899 24.94
900 24.28
901 24.28
902 22.64
903 22.64
904 22.64
905 21.92
906 21.92
907 23.06
908 23.06
909 23.06
910 23.06
911 23.06
912 24.6
913 24.6
914 24.6
915 24.6
916 24.6
917 24.6
918 24.86
919 24.86
920 24.86
921 24.32
922 24.32
923 24.32
924 24.32
925 22.6
926 21.84
927 21.84
928 23.56
929 23
930 24.38
931 24.9
932 26.54
933 26.54
934 26.54
935 26.54
936 25.68
937 25.68
938 25.42
939 25.42
940 23.78
941 23.78
942 25.06
943 25.06
944 24.08
945 22.22
946 22.22
947 20.5
948 20.5
949 20.5
950 19.98
951 19.98
952 19.98
953 19.98
954 19.98
955 19.98
956 19.98
957 21.22
958 21.22
959 21.22
960 22.58
961 21.08
962 21.08
963 21.08
964 21.08
965 22.94
966 22.7
967 21
968 21.94
969 21.94
970 21.94
971 22.82
972 21.88
973 23.54
974 23.54
975 24.22
976 24.22
977 23.3
978 23.3
979 23.3
980 22.62
981 22.62
982 22.62
983 22.62
984 22.62
985 23.18
986 23.18
987 23.18
988 23.18
989 23.7
990 23.7
991 23.7
992 23.7
993 25.2
994 24.14
995 24.14
996 23
997 23
998 23
999 22.12
.76
996 34.62
997 34.62
998 33.84
999 33.84
548.34
935 548.98
936 549.6
937 550.22
938 550.84
939 551.44
940 552.04
941 552.64
942 553.24
943 553.84
944 554.44
945 555.04
946 555.64
947 556.26
948 556.86
949 557.48
950 558.1
951 558.72
952 559.36
953 560
954 560.64
955 561.3
956 561.94
957 562.6
958 563.24
959 563.88
960 564.54
961 565.22
962 565.88
963 566.52
964 567.18
965 567.82
966 568.46
967 569.1
968 569.74
969 570.38
970 571.02
971 571.66
972 572.3
973 572.92
974 573.54
975 574.16
976 574.8
977 575.46
978 576.14
979 576.8
980 577.44
981 578.06
982 578.68
983 579.32
984 579.94
985 580.54
986 581.12
987 581.7
988 582.28
989 582.86
990 583.46
991 584.06
992 584.68
993 585.32
994 585.94
995 586.56
996 587.18
997 587.8
998 588.44
999 589.08
7 562.8
998 563.2
999 563.62
